s curv
-9.32799925974 0.398387218591 
-9.29800534649 0.387733628798 
-9.26801141488 0.377506117596 
-9.23801746625 0.367718635552 
-9.2080235019 0.358375946022 
-9.17802952303 0.349477759142 
-9.14803553078 0.341016181846 
-9.11804152618 0.332976851851 
-9.08804751103 0.325317794731 
-9.0580534846 0.318057181541 
-9.0280594484 0.311145978999 
-8.99806540315 0.304555105157 
-8.9680713495 0.298254569465 
-8.93807728802 0.292215521739 
-8.90808321924 0.286410695932 
-8.87808914361 0.280814177039 
-8.84809506155 0.275402131596 
-8.81810097342 0.270153128859 
-8.78810687957 0.265049007131 
-8.75811278027 0.260076208804 
-8.72811867579 0.255226498142 
-8.69812456641 0.250498317135 
-8.66813045199 0.245911237876 
-8.63813633386 0.241445181775 
-8.6081422112 0.237160445167 
-8.57814808462 0.233076861569 
-8.54815395441 0.229221460512 
-8.51815982085 0.225605016421 
-8.48816568419 0.222218585699 
-8.45817154467 0.219042636671 
-8.4281774025 0.216053224646 
-8.39818325786 0.213223515118 
-8.36818911091 0.210520586132 
-8.33819496178 0.207907195444 
-8.30820081056 0.205344524256 
-8.27820665734 0.202797572781 
-8.24821250218 0.200239427831 
-8.21821834512 0.197651944704 
-8.18822418598 0.195037993246 
-8.15823002525 0.192376487508 
-8.12823586275 0.189682487978 
-8.09824169852 0.186963699582 
-8.0682475326 0.184228545843 
-8.03825336506 0.181485999133 
-8.00825919594 0.178744993296 
-7.9782650253 0.176013862043 
-7.94827085318 0.173307928071 
-7.9182766798 0.170604691295 
-7.88828250492 0.16794756392 
-7.85828832873 0.165329133836 
-7.82829415131 0.162761835841 
-7.79829997272 0.160265274467 
-7.76830579305 0.157869368465 
-7.73831161238 0.15561476764 
-7.70831743083 0.153552325311 
-7.67832324852 0.151734819244 
-7.6483290656 0.150202617754 
-7.6183348822 0.14896974992 
-7.58834069846 0.148024027401 
-7.55834651449 0.147334765815 
-7.52835233038 0.14685554161 
-7.49835814621 0.146523339476 
-7.468363962 0.146263296026 
-7.43836977775 0.14600100565 
-7.40837559345 0.1456742583 
-7.37838140907 0.1452378037 
-7.34838722454 0.144663677876 
-7.31839303982 0.143937866528 
-7.28839885486 0.143056192256 
-7.25840466961 0.142021434647 
-7.22841048404 0.140841077932 
-7.1984162981 0.139526548536 
-7.16842211179 0.138093111905 
-7.13842792507 0.136560898493 
-7.10843373795 0.134955292456 
-7.07843955043 0.133308334207 
-7.04844536255 0.131659265894 
-7.01845117434 0.130055366041 
-6.98845698584 0.128551164411 
-6.95846279712 0.127203900133 
-6.92846860825 0.126063989065 
-6.89847441932 0.125163029434 
-6.8684802304 0.124507515265 
-6.83848604155 0.124078802552 
-6.80849185281 0.123834897302 
-6.77849766422 0.123716513292 
-6.74850347579 0.123660617907 
-6.71850928749 0.123613367454 
-6.68851509932 0.123534961567 
-6.65852091125 0.123399561323 
-6.62852672327 0.123193150629 
-6.59853253535 0.12291077885 
-6.56853834749 0.122554800344 
-6.53854415969 0.122133549237 
-6.50854997196 0.121660096195 
-6.47855578431 0.1211514471 
-6.44856159678 0.120631274923 
-6.4185674094 0.120125410533 
-6.38857322224 0.119667088894 
-6.35857903536 0.11929266156 
-6.32858484885 0.119039217163 
-6.29859066281 0.118938461442 
-6.26859647731 0.119008585163 
-6.23860229244 0.119246794182 
-6.20860810827 0.1196281882 
-6.17861392483 0.12011079681 
-6.14861974214 0.120646511202 
-6.11862556019 0.121194699099 
-6.08863137898 0.121728916095 
-6.05863719847 0.122234831967 
-6.02864301865 0.122706803912 
-5.99864883949 0.123147583883 
-5.968654661 0.123568179989 
-5.93866048317 0.123986559561 
-5.90866630601 0.124425494107 
-5.87867212957 0.124910262592 
-5.84867795388 0.125466501287 
-5.81868377901 0.126118497604 
-5.78868960501 0.126887754297 
-5.75869543199 0.127791963471 
-5.72870126003 0.1288442107 
-5.69870708923 0.130052145994 
-5.6687129197 0.131416403327 
-5.63871875154 0.132927806426 
-5.60872458484 0.13456439727 
-5.57873041969 0.136290314417 
-5.54873625614 0.138060130471 
-5.51874209421 0.139829402274 
-5.48874793391 0.141566185786 
-5.45875377524 0.143254951787 
-5.4287596182 0.144891607933 
-5.39876546278 0.146474609474 
-5.36877130899 0.148001894386 
-5.3387771568 0.149470556807 
-5.30878300623 0.150879043156 
-5.27878885725 0.152228779547 
-5.24879470986 0.153524297694 
-5.21880056405 0.154772066416 
-5.18880641984 0.155979287431 
-5.1588122772 0.157152301631 
-5.12881813616 0.158295769101 
-5.09882399669 0.159411943069 
-5.06882985882 0.160500169763 
-5.03883572251 0.161556615919 
-5.00884158777 0.162574364484 
-4.97884745457 0.163543908782 
-4.94885332287 0.164453912151 
-4.91885919264 0.165291963437 
-4.88886506382 0.166045190598 
-4.85887093635 0.166700641863 
-4.82887681017 0.167245679842 
-4.79888268519 0.167668726394 
-4.76888856133 0.167960332773 
-4.73889443849 0.168114275193 
-4.70890031658 0.168128060046 
-4.67890619552 0.168002682608 
-4.64891207521 0.167742388336 
-4.61891795557 0.167354479025 
-4.58892383652 0.166835907516 
-4.55892971797 0.166188741254 
-4.52893559985 0.165423546799 
-4.4989414821 0.164543826023 
-4.46894736465 0.16355397852 
-4.43895324745 0.162459323685 
-4.40895913042 0.161265691055 
-4.37896501353 0.159979756138 
-4.34897089674 0.158608866139 
-4.31897677999 0.157161227246 
-4.28898266326 0.155646216836 
-4.25898854653 0.154074673629 
-4.22899442977 0.152459721337 
-4.19900031297 0.150817664541 
-4.16900619614 0.149169363297 
-4.1390120793 0.147541807663 
-4.10901796248 0.145970005898 
-4.07902384575 0.144499293141 
-4.04902972919 0.143187909841 
-4.01903561294 0.142110091368 
-3.98904149719 0.141359451992 
-3.95904738216 0.141052445094 
-3.92905326818 0.141331467502 
-3.89905915566 0.142366939766 
-3.86906504513 0.144357414406 
-3.83907093729 0.147527134424 
-3.809076833 0.152120239875 
-3.77908273337 0.158392257122 
-3.74908863981 0.166600102542 
-3.71909455408 0.176992768954 
-3.68910047838 0.189804805187 
-3.65910641546 0.205253882451 
-3.62911236875 0.223542206931 
-3.59911834244 0.244860321371 
-3.56912434174 0.269391548503 
-3.53913037297 0.297315123591 
-3.50913644386 0.328806942687 
-3.47914256373 0.364036982599 
-3.44914874376 0.403162963913 
-3.41915499726 0.44631984767 
-3.38916133989 0.493604822606 
-3.35916778987 0.545057654833 
-3.32917436806 0.600634397887 
-3.29918109793 0.660178441918 
-3.26918800523 0.723384238386 
-3.23919511742 0.789759063958 
-3.20920246259 0.858584718606 
-3.17921006787 0.92888437506 
-3.14921795736 0.999402382646 
-3.1192261494 1.06860626184 
-3.08923465366 1.1347210878 
-3.05924346812 1.19580452941 
-3.02925257654 1.24986613712 
-2.99926194714 1.29502622487 
-2.96927153281 1.32970063615 
-2.93928127346 1.3527892292 
-2.90929110036 1.36384341989 
-2.8793009421 1.36319228461 
-2.84931073148 1.35201702135 
-2.81932041228 1.33237391238 
-2.78932994525 1.30716692904 
-2.75933931238 1.28005503449 
-2.72934851937 1.25524500166 
-2.69935759559 1.23708580755 
-2.66936659149 1.22939398016 
-2.63937557277 1.23454970179 
-2.60938461128 1.25262042239 
-2.57939377271 1.28090252262 
-2.54940310253 1.31417607484 
-2.5194126129 1.34564707064 
-2.4894222746 1.36827576292 
-2.45943201713 1.37609895749 
-2.42944173896 1.36522815935 
-2.39945132515 1.33431585014 
-2.36946066778 1.28445445994 
-2.33946968222 1.21861253532 
-2.30947831664 1.14085284351 
-2.27948655294 1.05555014319 
-2.24949440163 0.966783486836 
-2.21950189351 0.87796723733 
-2.18950907113 0.791707864403 
-2.15951598155 0.709831433127 
-2.12952267136 0.633505146626 
-2.09952918353 0.563389569408 
-2.06953555589 0.499784871597 
-2.03954182065 0.442756236157 
-2.0095480046 0.392233326277 
-1.97955412961 0.348082269317 
-1.94956021325 0.310152134869 
-1.91956626954 0.278299127572 
-1.88957230951 0.252388334592 
-1.85957834185 0.232265146979 
-1.8295843733 0.217692093576 
-1.79959040911 0.208282226779 
-1.7695964533 0.203474806054 
-1.73960250898 0.202571121674 
-1.70960857848 0.204816872107 
-1.6796146636 0.209490098965 
-1.64962076397 0.215963899541 
-1.61962687871 0.223740718013 
-1.58963300875 0.232451933099 
-1.5596391549 0.241835934048 
-1.5296453178 0.251706595756 
-1.49965149804 0.261930655191 
-1.46965769613 0.272420589776 
-1.43966391258 0.283129016984 
-1.40967014793 0.294034892709 
-1.37967640276 0.305138117539 
-1.3496826777 0.316461206697 
-1.31968897354 0.328045660779 
-1.28969529113 0.339944504658 
-1.25970163151 0.352218316535 
-1.22970799587 0.364933769771 
-1.19971438555 0.378157659759 
-1.16972080212 0.391957560364 
-1.13972724735 0.406399127685 
-1.10973372325 0.42154315645 
-1.0797402321 0.437446648091 
-1.04974677641 0.45415877269 
-1.01975335901 0.471713462169 
-0.989759982932 0.490120602975 
-0.959766651413 0.5093553793 
-0.92977336778 0.529346564966 
-0.899780135323 0.549966530475 
-0.869786957137 0.571025857433 
-0.839793835921 0.592273196447 
-0.809800773759 0.6133971736 
-0.779807771905 0.634030237603 
-0.749814830487 0.653753131481 
-0.719821948306 0.672107091187 
-0.68982912263 0.688606614117 
-0.659836349056 0.702752724614 
-0.629843621462 0.714047513953 
-0.599850932065 0.722017358939 
-0.569858271696 0.726260308673 
-0.539865630319 0.726501231625 
-0.50987299769 0.722604511996 
-0.479880364105 0.71457332091 
-0.449887720969 0.702549589472 
-0.419895061778 0.686835316422 
-0.389902382717 0.667899520259 
-0.359909683404 0.64639364661 
-0.329916967573 0.623160828676 
-0.299924243729 0.599233791663 
-0.26993152585 0.575821432694 
-0.239938834348 0.554278701625 
-0.209946197648 0.536063535076 
-0.179953655219 0.522667594091 
-0.149961263782 0.515490811781 
-0.119969111233 0.515611334772 
-0.0899773526128 0.52343631619 
-0.0599863275472 0.538075338929 
-0.029997152432 0.552241197785 
-0.0 54850.0128737 
0.0299970076534 0.628137024971 
0.0599861632828 0.667072249204 
0.0899770686055 0.703332621635 
0.119968595877 0.738951727508 
0.149960407338 0.771730521788 
0.179952362183 0.799635396847 
0.209944396225 0.820953769762 
0.239936483567 0.834404636023 
0.269928620128 0.839233960159 
0.299920814411 0.835266669731 
0.329913081148 0.822888777051 
0.359905436586 0.802972399453 
0.38989789509 0.776759363125 
0.419890467001 0.745724231706 
0.449883157655 0.711431148252 
0.479875967365 0.675403316179 
0.509868892099 0.63901690336 
0.539861924535 0.603428869736 
0.569855055224 0.569540189283 
0.599848273662 0.537990089852 
0.629841569152 0.509177511493 
0.659834931419 0.483297424065 
0.68982835099 0.460381540006 
0.719821819396 0.440338830543 
0.749815329229 0.422993155935 
0.779808874122 0.40811621555 
0.809802448659 0.395452695635 
0.839796048284 0.3847429834 
0.869789669175 0.375735554341 
0.899783308139 0.368196410961 
0.929776962509 0.361914092554 
0.959770630057 0.356701281128 
0.989764308921 0.352394896224 
1.01975799753 0.348854037497 
1.04975169458 0.345958712781 
1.07974539894 0.343606999958 
1.10973910967 0.341713305938 
1.13973282596 0.340205977335 
1.16972654711 0.339023120895 
1.19972027254 0.338119785921 
1.22971400172 0.337451051198 
1.25970773419 0.336981926916 
1.28970146956 0.336682679805 
1.31969520748 0.336527987192 
1.34968894763 0.336496553825 
1.37968268974 0.336570223122 
1.40967643356 0.336733259146 
1.43967017889 0.336971851171 
1.46966392552 0.33727379689 
1.49965767328 0.337628246828 
1.52965142202 0.338025539143 
1.5596451716 0.338457095911 
1.5896389219 0.33891534584 
1.6196326728 0.339393563804 
1.64962642449 0.339885967083 
1.67962017727 0.340387534893 
1.70961393104 0.340893939417 
1.7396076857 0.341401478977 
1.76960144115 0.341906985695 
1.79959519733 0.342407776016 
1.82958895415 0.342901610865 
1.85958271155 0.343386659461 
1.88957646946 0.343861393458 
1.91957022784 0.344324615027 
1.94956398662 0.344775058353 
1.97955774576 0.345211521983 
2.00955150523 0.345632669436 
2.03954526497 0.346036977585 
2.06953902496 0.3464226955 
2.09953278516 0.346787894612 
2.12952654556 0.347130419837 
2.15952030613 0.347447991331 
2.18951406685 0.347738237486 
2.21950782772 0.347999724571 
2.24950158874 0.348227783743 
2.2794953499 0.348421290229 
2.30948911121 0.348577881416 
2.33948287269 0.348695436817 
2.36947663436 0.348771074769 
2.39947039623 0.348804459333 
2.42946415835 0.348792542073 
2.45945792074 0.348733401971 
2.48945168345 0.348625262543 
2.51944544651 0.348466481126 
2.54943920998 0.348255449418 
2.57943297391 0.347990627221 
2.60942673835 0.347670580792 
2.63942050338 0.347292860799 
2.66941426904 0.346856308607 
2.69940803542 0.346358706256 
2.72940180259 0.345797732284 
2.75939557063 0.345171374683 
2.78938933961 0.344476877175 
2.81938310962 0.343711885448 
2.84937688075 0.342873918056 
2.8793706531 0.341960473512 
2.90936442677 0.340969045871 
2.93935820186 0.339897142244 
2.96935197848 0.338742305752 
2.99934575673 0.337502177791 
3.02933953674 0.336174529545 
3.05933331862 0.334757325873 
3.0893271025 0.333248782895 
3.11932088849 0.331647400937 
3.14931467673 0.329952005564 
3.17930846734 0.328161800355 
3.20930226045 0.326276335109 
3.23929605619 0.32429552436 
3.26928985469 0.322219604384 
3.29928365609 0.320049068739 
3.3292774605 0.317784652155 
3.35927126806 0.315427273033 
3.38926507888 0.31297801913 
3.41925889309 0.310438135424 
3.44925271081 0.307809060386 
3.47924653216 0.305092398729 
3.50924035725 0.302290143024 
3.53923418617 0.299403866129 
3.56922801905 0.296435983432 
3.59922185598 0.293388837177 
3.62921569706 0.290264956537 
3.65920954237 0.287067030475 
3.689203392 0.283797904292 
3.71919724604 0.280460615145 
3.74919110456 0.277058339367 
3.77918496762 0.273594410661 
3.80917883529 0.270072355777 
3.83917270764 0.266495823134 
3.86916658472 0.262868631328 
3.89916046658 0.259194789376 
3.92915435325 0.255478449708 
3.95914824479 0.251723908163 
3.98914214122 0.247935676839 
4.01913604258 0.244118372933 
4.04912994888 0.240276763929 
4.07912386016 0.23641574651 
4.10911777642 0.232540323013 
4.13911169769 0.228655588355 
4.16910562397 0.224766719713 
4.19909955526 0.220878975668 
4.22909349158 0.216997696394 
4.25908743292 0.213128308203 
4.28908137929 0.209276334908 
4.31907533067 0.205447400812 
4.34906928707 0.201647252106 
4.37906324849 0.19788178102 
4.40905721491 0.194157070222 
4.43905118634 0.190479443835 
4.46904516276 0.18685555082 
4.49903914417 0.183292438757 
4.52903313058 0.179797665009 
4.55902712196 0.176379412744 
4.58902111833 0.173046627737 
4.61901511968 0.169809169367 
4.64900912601 0.166677988193 
4.67900313732 0.163665308718 
4.70899715361 0.160784837207 
4.73899117489 0.158051996529 
4.76898520116 0.155484139522 
4.79897923241 0.153100834491 
4.82897326866 0.150924099651 
4.85896730991 0.148978675523 
4.88896135614 0.147292283521 
4.91895540736 0.145895882503 
4.94894946354 0.144823816817 
4.97894352468 0.144114007477 
5.00893759075 0.143808036021 
5.0389316617 0.14395115743 
5.06892573747 0.144592254507 
5.09891981799 0.145783735043 
5.12891390315 0.147581405004 
5.15890799282 0.150044361789 
5.18890208682 0.153234964431 
5.21889618493 0.157218981347 
5.24889028685 0.16206596271 
5.27888439223 0.167849919174 
5.30887850061 0.174650377783 
5.3388726114 0.182553830627 
5.36886672389 0.191655593725 
5.39886083716 0.202062127732 
5.42885495007 0.21389374444 
5.45884906121 0.227287778902 
5.48884316879 0.242402222994 
5.51883727056 0.259419888457 
5.54883136372 0.278553148299 
5.57882544473 0.300047629946 
5.60881950916 0.324195709467 
5.63881355138 0.351331448535 
5.66880756427 0.38184694126 
5.69880153885 0.416200134432 
5.72879546361 0.454913221506 
5.75878932397 0.498599297981 
5.78878310131 0.547953263448 
5.81877677183 0.603756735211 
5.84877030514 0.666874739066 
5.87876366254 0.738233759382 
5.90875679498 0.818776248964 
5.93874964076 0.909375229868 
5.96874212341 1.0106939665 
5.99873415027 1.12295239144 
6.02872561285 1.2455930285 
6.05871639109 1.37681854032 
6.08870636378 1.51303328207 
6.1186954287 1.64828231136 
6.1486835328 1.77394715449 
6.17867071081 1.87901172687 
6.20865712072 1.95129830535 
6.23864305786 1.97974071899 
6.26862892956 1.95719698167 
6.29861518499 1.88271119386 
6.32860222466 1.76211283015 
6.358590322 1.6066149075 
6.38857958988 1.4300785743 
6.41856999612 1.24623092951 
6.44856140729 1.06675750957 
6.47855364098 0.900559170364 
6.50854650664 0.753897685666 
6.53853983137 0.630987853104 
6.56853347184 0.534577907322 
6.59852731637 0.466072846495 
6.62852128187 0.424951422802 
6.65851530865 0.408047619133 
6.68850935485 0.409948922877 
6.71850339151 0.424682900355 
6.74849739861 0.447280818154 
6.77849136211 0.474285072831 
6.80848527196 0.503503909663 
6.83847912087 0.533570525104 
6.86847290357 0.563573580019 
6.89846661665 0.59282163193 
6.92846025852 0.620710062121 
6.95845382963 0.646641367084 
6.98844733277 0.669996905012 
7.01844077332 0.690136466644 
7.04843415947 0.706408041817 
7.07842750233 0.718184871901 
7.10842081572 0.72492946364 
7.13841411568 0.726264209368 
7.16840741956 0.722026118181 
7.19840074489 0.712312312558 
7.22839410808 0.69753749892 
7.25838752305 0.678449921187 
7.28838100007 0.656059205768 
7.31837454511 0.631562236331 
7.34836815972 0.606282436008 
7.37836184126 0.581586482615 
7.40835558351 0.558797339003 
7.43834937747 0.539213320195 
7.46834321196 0.524089664279 
7.49833707405 0.514442694132 
7.52833094971 0.510921456172 
7.55832482443 0.513765043096 
7.5883186836 0.522827766032 
7.61831251284 0.537698548448 
7.64830629797 0.557837748332 
7.67830002489 0.582654656422 
7.70829367954 0.611530030589 
7.73828724783 0.64380439983 
7.76828071592 0.678734401272 
7.79827407066 0.71551452833 
7.82826730018 0.75334437783 
7.85826039436 0.791443593508 
7.8882533454 0.829100292733 
7.91824614817 0.865621923372 
7.9482388007 0.90033985514 
7.97823130463 0.932586655694 
8.0082236655 0.961777377358 
8.0382158927 0.987438572824 
8.0682079991 1.00934259679 
8.09820000057 1.06292729505 
8.1281919157 1.03973031674 
8.15818376531 1.04798437045 
8.18817557224 1.05117501442 
8.21816736108 1.04898143929 
8.24815915772 1.0411693204 
8.27815098865 1.02756729056 
8.30814288007 1.0081467265 
8.33813485667 0.983481113088 
8.36812694044 0.994912875136 
8.39811914963 0.917539189533 
8.42811149791 0.878398030646 
8.45810399395 0.836007598501 
8.48809664155 0.791233584203 
8.51808944004 0.744944718722 
8.54808238496 0.697883721114 
8.57807546892 0.65074731119 
8.60806868241 0.604097224983 
8.63806201465 0.558404314598 
